list(alpha=c(-6.55858E-01, -5.03115E-01, -3.16869E-01, -9.82803E-01, 2.13752E-02, 1.94828E+00), delta=c(9.86268E-01, -8.28008E-02, -2.57205E-01, -1.44690E+00, 6.63200E-02, -5.37095E-01), mu.delta=1.33096E+00, sigma.delta=2.05884E-01, gamma=c(-1.01411E+00, 4.72483E-01, -3.20137E-01, 2.82518E-01, -6.86297E-01, 2.32942E+00, 3.45335E-01, 3.24552E+00, 6.79524E-01), mu.gamma=6.25392E-01, sigma.gamma=6.47077E-01, c.inf=6.81337E-01)
