list(alpha=c(-4.67694E-01, -4.66350E-01, -1.31067E+00, 3.72284E-01, 7.76134E-01, -2.40504E+00), delta=c(7.83190E-02, -1.35495E-02, 3.69044E-01, 3.46963E-01, -8.07569E-01, 1.04847E+00), mu.delta=-5.56285E-01, sigma.delta=5.52293E-01, gamma=c(-1.71730E+00, 7.97305E-01, -9.49524E-01, -8.39944E-02, -2.88167E-01, -1.31776E+00, -7.17585E-01, 1.37079E+00, -1.54244E+00), mu.gamma=1.73804E+00, sigma.gamma=2.03514E-01, c.inf=6.35874E-01)
