list(alpha=c(-1.10729E+00, -1.14689E+00, -1.24614E+00, -6.30694E-01, 5.32948E-01, 5.70787E-01), delta=c(1.42444E+00, 2.13375E+00, -1.77716E-01, 2.20175E-01, 9.82440E-01, 4.98616E-01), mu.delta=-1.17327E-01, sigma.delta=9.13693E-02, gamma=c(6.84311E-02, 3.28357E-01, -5.56746E-01, 1.16056E+00, 9.29761E-01, 7.23843E-03, -4.55742E-01, 1.24264E+00, 3.11564E+00), mu.gamma=-8.42185E-01, sigma.gamma=3.68314E-01, c.inf=1.22694E-01)
