list(mu.c=c(2.24450E+01,2.04440E+01), mu.e=c(7.08141E+01,8.70792E+01), beta=c(1.34088E-03,-4.90686E-03),
shape.c=c(9.31908E-01,1.00080E+00), shape.e=c(8.38547E-01,7.42496E-01))
