list(mu.c=c(2.21777E+01,2.05498E+01), mu.e=c(7.26140E+01,7.00081E+01), beta=c(-7.76254E-03,6.44588E-04), shape.c=c(1.13254E+00,8.18308E-01), shape.e=c(7.28046E-01,6.32593E-01))
