list(alpha=c(-1.41691E+00, -6.20752E-01, 6.99689E-01, -1.48487E+00, -7.26523E-02, 8.00893E-01), delta=c(3.52063E-01, -2.21645E-01, -6.57262E-01, 9.91830E-01, -1.24272E-01, 2.63282E-01), mu.delta=3.66828E-01, sigma.delta=6.15684E-01, gamma=c(-1.67526E+00, 2.04707E+00, -2.63733E-01, -1.47867E+00, 4.16031E-01, -6.67398E-01, -4.78229E-01, 1.18979E+00, -7.56186E-01), mu.gamma=5.36683E-01, sigma.gamma=8.59601E-01, c.inf=1.39977E+00)
