list(mu.c=c(1.89647E+01,2.63871E+01), mu.e=c(8.04222E+01,6.32715E+01), beta=c(4.29125E-03,5.06056E-03),
shape.c=c(9.13093E-01,1.16937E+00), shape.e=c(6.46158E-01,9.18648E-01))
