list(mu=c(1.73574E+00, 1.31659E+00), ls=c(-1.96202E+00, -1.06980E+00))
