list(mu=c(3.16036E-01, 1.28237E+00), ls=c(4.37099E-01, 4.93518E-01))
