list(mu=c(1.36556E+00, 1.07708E+00), ls=c(7.74365E-01, 1.79899E-01))
